0 0.101 0.5478142076502732 0.126 0.3633879781420765
0 0.223 0.5642076502732241 0.078 0.30327868852459017
0 0.331 0.5341530054644809 0.082 0.3524590163934426
0 0.436 0.5532786885245902 0.132 0.3797814207650273
0 0.547 0.5710382513661202 0.15 0.34972677595628415
0 0.657 0.5997267759562841 0.178 0.3087431693989071
0 0.372 0.5669398907103825 0.048 0.1557377049180328
0 0.8300000000000001 0.662568306010929 0.056 0.24316939890710382
0 0.866 0.6516393442622951 0.048 0.23770491803278687
0 0.014 0.48770491803278687 0.028 0.09016393442622951
0 0.6910000000000001 0.569672131147541 0.038 0.1448087431693989
