0 0.983 0.5893333333333333 0.03 0.10666666666666666
0 0.8270000000000001 0.608 0.17400000000000002 0.29333333333333333
0 0.653 0.5453333333333333 0.08600000000000001 0.12
0 0.516 0.504 0.084 0.30933333333333335
0 0.422 0.5106666666666666 0.084 0.2906666666666667
0 0.069 0.46266666666666667 0.094 0.312
0 0.149 0.4693333333333333 0.098 0.304
0 0.07100000000000001 0.7999999999999999 0.14200000000000002 0.39466666666666667
0 0.682 0.7266666666666667 0.232 0.472
0 0.322 0.6986666666666667 0.168 0.352
