0 0.51 0.688 0.332 0.5653333333333334
0 0.715 0.7906666666666666 0.262 0.41333333333333333
0 0.539 0.768 0.262 0.45866666666666667
0 0.14100000000000001 0.6413333333333333 0.246 0.6799999999999999
0 0.223 0.636 0.202 0.584
0 0.355 0.372 0.07 0.13066666666666665
0 0.669 0.48533333333333334 0.17 0.368
0 0.677 0.352 0.114 0.25066666666666665
0 0.34900000000000003 0.6493333333333333 0.226 0.6586666666666666
0 0.314 0.29866666666666664 0.07200000000000001 0.12266666666666666
0 0.444 0.35333333333333333 0.06 0.19999999999999998
0 0.562 0.4066666666666667 0.148 0.3173333333333333
0 0.593 0.30266666666666664 0.034 0.09333333333333332
