0 0.544 0.33599999999999997 0.028 0.112
0 0.47100000000000003 0.29866666666666664 0.018000000000000002 0.03733333333333333
0 0.436 0.33599999999999997 0.028 0.10666666666666666
0 0.342 0.30933333333333335 0.02 0.048
0 0.362 0.31866666666666665 0.02 0.04
0 0.308 0.3413333333333333 0.036000000000000004 0.06933333333333333
0 0.298 0.42133333333333334 0.04 0.2773333333333333
0 0.322 0.3973333333333333 0.056 0.18133333333333332
0 0.395 0.4413333333333333 0.106 0.328
0 0.501 0.39866666666666667 0.09 0.27466666666666667
