0 0.357 0.224 0.082 0.10133333333333333
0 0.5660000000000001 0.25066666666666665 0.152 0.30933333333333335
0 0.671 0.30533333333333335 0.10200000000000001 0.34933333333333333
0 0.767 0.29333333333333333 0.098 0.29333333333333333
0 0.968 0.33199999999999996 0.06 0.33866666666666667
0 0.215 0.2906666666666667 0.03 0.10133333333333333
0 0.23900000000000002 0.2866666666666667 0.026000000000000002 0.10933333333333332
0 0.035 0.288 0.022 0.10666666666666666
0 0.023 0.30266666666666664 0.022 0.09333333333333332
0 0.009000000000000001 0.31866666666666665 0.018000000000000002 0.06666666666666667
