0 0.742 0.7413333333333333 0.216 0.512
0 0.596 0.756 0.14400000000000002 0.48266666666666663
0 0.6930000000000001 0.5813333333333334 0.082 0.15466666666666667
0 0.655 0.428 0.15 0.17333333333333334
0 0.529 0.44 0.146 0.37866666666666665
0 0.48 0.644 0.132 0.3973333333333333
0 0.384 0.6719999999999999 0.16 0.35733333333333334
0 0.193 0.652 0.158 0.3973333333333333
0 0.259 0.6253333333333333 0.10200000000000001 0.376
0 0.32 0.5599999999999999 0.092 0.21333333333333332
0 0.07100000000000001 0.7 0.134 0.5146666666666666
0 0.031 0.696 0.062 0.5066666666666666
0 0.154 0.42133333333333334 0.028 0.03733333333333333
0 0.316 0.428 0.07200000000000001 0.072
