0 0.535 0.37066666666666664 0.314 0.4053333333333333
0 0.599 0.5706666666666667 0.262 0.3253333333333333
0 0.368 0.5666666666666667 0.22 0.2693333333333333
0 0.16 0.6346666666666666 0.20400000000000001 0.35733333333333334
0 0.15 0.7879999999999999 0.3 0.41866666666666663
0 0.792 0.7093333333333333 0.192 0.576
0 0.8300000000000001 0.5093333333333333 0.10400000000000001 0.20266666666666666
0 0.637 0.41333333333333333 0.082 0.208
0 0.354 0.39599999999999996 0.076 0.14666666666666667
0 0.305 0.41466666666666663 0.078 0.27999999999999997
0 0.051000000000000004 0.4413333333333333 0.10200000000000001 0.264
