0 0.483 0.3098802395209581 0.10200000000000001 0.35029940119760483
0 0.774 0.5104790419161677 0.28800000000000003 0.4041916167664671
0 0.759 0.594311377245509 0.418 0.5179640718562875
0 0.5690000000000001 0.5568862275449102 0.19 0.4970059880239521
0 0.40900000000000003 0.5643712574850299 0.17 0.5898203592814372
0 0.2 0.6721556886227545 0.38 0.6497005988023953
0 0.899 0.4236526946107785 0.106 0.14670658682634732
0 0.8310000000000001 0.36826347305389223 0.062 0.11976047904191617
0 0.05 0.46107784431137727 0.036000000000000004 0.10778443113772455
0 0.178 0.5209580838323353 0.356 0.718562874251497
