0 0.03333333333333333 0.374 0.06133333333333333 0.06
0 0.2853333333333333 0.43 0.042666666666666665 0.08
0 0.344 0.47800000000000004 0.07466666666666666 0.08
0 0.5066666666666666 0.492 0.07466666666666666 0.084
0 0.5893333333333333 0.482 0.064 0.056
0 0.6546666666666666 0.47400000000000003 0.072 0.08
0 0.768 0.505 0.10666666666666666 0.09
0 0.86 0.494 0.08266666666666667 0.076
0 0.836 0.4 0.088 0.092
0 0.6773333333333333 0.41500000000000004 0.05333333333333333 0.054
0 0.7253333333333333 0.40700000000000003 0.042666666666666665 0.038
