0 0.506 0.5453333333333333 0.016 0.029333333333333333
0 0.48 0.5413333333333333 0.016 0.026666666666666665
0 0.459 0.5453333333333333 0.018000000000000002 0.029333333333333333
0 0.435 0.5413333333333333 0.014 0.026666666666666665
0 0.40700000000000003 0.5413333333333333 0.014 0.026666666666666665
0 0.384 0.54 0.016 0.024
0 0.366 0.54 0.016 0.024
0 0.34600000000000003 0.5373333333333333 0.016 0.024
0 0.319 0.5373333333333333 0.018000000000000002 0.024
0 0.34600000000000003 0.504 0.012 0.021333333333333333
0 0.36 0.5026666666666666 0.016 0.024
