0 0.797 0.7866666666666666 0.254 0.42133333333333334
0 0.305 0.5733333333333334 0.154 0.30933333333333335
0 0.14300000000000002 0.5626666666666666 0.122 0.5173333333333333
0 0.38 0.5533333333333333 0.116 0.296
0 0.6900000000000001 0.6626666666666666 0.212 0.3973333333333333
0 0.647 0.5306666666666666 0.146 0.20266666666666666
0 0.647 0.45866666666666667 0.05 0.16
0 0.41600000000000004 0.45999999999999996 0.068 0.15733333333333333
0 0.616 0.47866666666666663 0.052000000000000005 0.17333333333333334
0 0.402 0.36 0.06 0.10133333333333333
0 0.61 0.3773333333333333 0.036000000000000004 0.04533333333333333
0 0.59 0.39866666666666667 0.036000000000000004 0.13066666666666665
0 0.562 0.3733333333333333 0.02 0.09066666666666666
0 0.464 0.3813333333333333 0.02 0.042666666666666665
0 0.441 0.376 0.034 0.032
0 0.35100000000000003 0.764 0.302 0.4666666666666667
