0 0.213 0.810483870967742 0.126 0.3521505376344086
0 0.34900000000000003 0.685483870967742 0.09 0.13978494623655915
0 0.41100000000000003 0.821236559139785 0.17400000000000002 0.3521505376344086
0 0.451 0.6626344086021506 0.046 0.07795698924731183
0 0.512 0.7607526881720431 0.108 0.25806451612903225
0 0.5760000000000001 0.5940860215053764 0.048 0.11827956989247312
0 0.5630000000000001 0.7083333333333334 0.098 0.30376344086021506
0 0.63 0.6922043010752689 0.06 0.28763440860215056
0 0.7010000000000001 0.6922043010752689 0.094 0.27688172043010756
0 0.984 0.47446236559139787 0.028 0.08333333333333334
0 0.803 0.581989247311828 0.046 0.051075268817204304
0 0.766 0.6303763440860215 0.07200000000000001 0.1532258064516129
0 0.836 0.625 0.06 0.12096774193548387
0 0.9520000000000001 0.5591397849462366 0.06 0.08064516129032259
0 0.96 0.6061827956989247 0.076 0.12634408602150538
0 0.937 0.6209677419354839 0.106 0.12365591397849464
