0 0.496 0.48143236074270557 0.224 0.506631299734748
0 0.036000000000000004 0.33687002652519893 0.07200000000000001 0.3872679045092838
0 0.073 0.1909814323607427 0.146 0.3819628647214854
0 0.249 0.09283819628647215 0.106 0.1856763925729443
0 0.263 0.05305039787798408 0.138 0.10610079575596816
0 0.422 0.1273209549071618 0.116 0.2546419098143236
0 0.604 0.042440318302387266 0.07200000000000001 0.08488063660477453
0 0.882 0.34084880636604775 0.16 0.3952254641909814
0 0.862 0.29442970822281167 0.272 0.48806366047745353
0 0.925 0.6061007957559681 0.146 0.7824933687002652
0 0.967 0.05305039787798408 0.062 0.10610079575596816
