0 0.187 0.6586666666666666 0.178 0.6773333333333333
0 0.397 0.732 0.178 0.5306666666666666
0 0.903 0.7373333333333333 0.19 0.3333333333333333
0 0.8310000000000001 0.7226666666666667 0.10200000000000001 0.15466666666666667
0 0.704 0.6973333333333334 0.112 0.16266666666666665
0 0.668 0.6639999999999999 0.08 0.13866666666666666
0 0.68 0.5493333333333333 0.12 0.33066666666666666
0 0.5700000000000001 0.6226666666666666 0.08 0.13599999999999998
0 0.5720000000000001 0.5933333333333333 0.112 0.19999999999999998
0 0.502 0.5866666666666667 0.076 0.144
0 0.461 0.5706666666666667 0.07 0.128
0 0.422 0.52 0.044 0.10133333333333333
0 0.227 0.46266666666666667 0.07 0.152
0 0.11900000000000001 0.5746666666666667 0.05 0.264
0 0.045 0.5306666666666666 0.09 0.112
0 0.019 0.58 0.038 0.13066666666666665
