0 0.022 0.7666666666666666 0.044 0.328
0 0.12 0.7839999999999999 0.10400000000000001 0.33599999999999997
0 0.061 0.7773333333333333 0.07 0.32266666666666666
0 0.457 0.7626666666666666 0.20600000000000002 0.29866666666666664
0 0.516 0.8133333333333334 0.128 0.368
0 0.607 0.8119999999999999 0.214 0.37066666666666664
0 0.76 0.7626666666666666 0.112 0.2826666666666667
0 0.833 0.7573333333333333 0.13 0.33066666666666666
0 0.2 0.7093333333333333 0.052000000000000005 0.18133333333333332
0 0.261 0.7013333333333334 0.038 0.14933333333333332
0 0.296 0.7306666666666667 0.032 0.08
0 0.341 0.7013333333333334 0.034 0.10666666666666666
