0 0.23500000000000001 0.5373333333333333 0.11800000000000001 0.6586666666666666
0 0.40800000000000003 0.656 0.164 0.24
0 0.538 0.7733333333333333 0.244 0.2826666666666667
0 0.5750000000000001 0.6186666666666667 0.226 0.21866666666666665
0 0.743 0.6066666666666667 0.14200000000000002 0.4026666666666667
0 0.664 0.616 0.084 0.15466666666666667
0 0.8190000000000001 0.48666666666666664 0.03 0.09333333333333332
0 0.894 0.5026666666666666 0.036000000000000004 0.13066666666666665
0 0.922 0.496 0.036000000000000004 0.128
0 0.841 0.49866666666666665 0.042 0.11733333333333333
