0 0.19 0.5598885793871866 0.376 0.8746518105849582
0 0.315 0.3746518105849582 0.242 0.4818941504178273
0 0.34 0.298050139275766 0.22 0.467966573816156
0 0.442 0.233983286908078 0.176 0.3008356545961003
0 0.736 0.2646239554317549 0.112 0.31754874651810583
0 0.792 0.31197771587743733 0.132 0.3286908077994429
0 0.782 0.403899721448468 0.224 0.4178272980501393
0 0.783 0.6044568245125348 0.43 0.7855153203342619
0 0.309 0.08217270194986072 0.178 0.16434540389972144
0 0.465 0.09052924791086352 0.05 0.18105849582172703
