0 0.937 0.66 0.122 0.45599999999999996
0 0.8140000000000001 0.4746666666666666 0.116 0.32
0 0.6880000000000001 0.5853333333333333 0.068 0.4666666666666667
0 0.624 0.46799999999999997 0.108 0.3173333333333333
0 0.55 0.6759999999999999 0.18 0.5093333333333333
0 0.394 0.4533333333333333 0.156 0.3413333333333333
0 0.359 0.724 0.21 0.5466666666666666
0 0.23800000000000002 0.49066666666666664 0.16 0.39999999999999997
0 0.06 0.4066666666666667 0.12 0.312
0 0.028 0.5733333333333334 0.056 0.42666666666666664
