0 0.834 0.6171171171171171 0.068 0.34534534534534533
0 0.932 0.6246246246246246 0.064 0.3303303303303303
0 0.972 0.6351351351351351 0.052000000000000005 0.5255255255255256
0 0.874 0.6336336336336337 0.052000000000000005 0.2882882882882883
0 0.799 0.6216216216216216 0.05 0.26426426426426425
0 0.75 0.6081081081081081 0.04 0.26726726726726724
0 0.674 0.4174174174174174 0.048 0.07207207207207207
0 0.389 0.4339339339339339 0.034 0.05105105105105105
0 0.47100000000000003 0.4159159159159159 0.034 0.06306306306306306
0 0.423 0.4264264264264264 0.042 0.06606606606606606
