0 0.634 0.5106666666666666 0.176 0.27999999999999997
0 0.34500000000000003 0.6786666666666666 0.222 0.6
0 0.167 0.42933333333333334 0.082 0.26666666666666666
0 0.202 0.4026666666666667 0.024 0.048
0 0.234 0.44266666666666665 0.048 0.11733333333333333
0 0.271 0.41466666666666663 0.046 0.050666666666666665
0 0.319 0.408 0.034 0.05333333333333333
0 0.403 0.42533333333333334 0.038 0.09333333333333332
0 0.435 0.41333333333333333 0.022 0.03733333333333333
0 0.465 0.42666666666666664 0.038 0.06933333333333333
0 0.545 0.42133333333333334 0.058 0.09066666666666666
