0 0.024 0.11764705882352941 0.048 0.1568627450980392
0 0.08 0.22058823529411764 0.1 0.4019607843137255
0 0.194 0.22712418300653595 0.096 0.4542483660130719
0 0.338 0.16013071895424838 0.096 0.27450980392156865
0 0.494 0.3839869281045752 0.164 0.5522875816993464
0 0.591 0.3888888888888889 0.09 0.47058823529411764
0 0.664 0.27941176470588236 0.10400000000000001 0.4477124183006536
0 0.768 0.27450980392156865 0.164 0.4901960784313726
0 0.889 0.2957516339869281 0.082 0.5130718954248367
0 0.9460000000000001 0.30228758169934644 0.10400000000000001 0.6045751633986929
