0 0.652 0.4026666666666667 0.252 0.3253333333333333
0 0.756 0.5826666666666667 0.32 0.6853333333333333
0 0.797 0.636 0.402 0.7226666666666667
0 0.464 0.41466666666666663 0.07200000000000001 0.15733333333333333
0 0.389 0.4066666666666667 0.126 0.27999999999999997
0 0.306 0.4373333333333333 0.23600000000000002 0.352
0 0.125 0.48133333333333334 0.226 0.4666666666666667
0 0.443 0.19733333333333333 0.11800000000000001 0.25066666666666665
0 0.604 0.208 0.052000000000000005 0.112
0 0.552 0.09333333333333332 0.036000000000000004 0.064
0 0.733 0.21066666666666667 0.038 0.07466666666666666
0 0.768 0.21466666666666667 0.036000000000000004 0.072
0 0.756 0.11466666666666667 0.02 0.042666666666666665
0 0.064 0.212 0.036000000000000004 0.12
