0 0.751 0.5613333333333334 0.038 0.06666666666666667
0 0.6960000000000001 0.5346666666666666 0.036000000000000004 0.06133333333333333
0 0.668 0.5599999999999999 0.032 0.064
0 0.594 0.5333333333333333 0.028 0.058666666666666666
0 0.5630000000000001 0.5559999999999999 0.034 0.056
0 0.509 0.5466666666666666 0.022 0.03733333333333333
0 0.49 0.564 0.032 0.06133333333333333
0 0.433 0.5586666666666666 0.03 0.056
0 0.378 0.5613333333333334 0.028 0.04533333333333333
0 0.327 0.5653333333333334 0.022 0.03733333333333333
0 0.281 0.5573333333333333 0.026000000000000002 0.042666666666666665
0 0.246 0.564 0.02 0.034666666666666665
0 0.213 0.5626666666666666 0.018000000000000002 0.03733333333333333
0 0.182 0.5546666666666666 0.02 0.03733333333333333
