0 0.41100000000000003 0.5144927536231884 0.042 0.09420289855072464
0 0.34 0.4945652173913044 0.048 0.17028985507246377
0 0.041 0.5851449275362319 0.034 0.09057971014492754
0 0.027 0.6322463768115942 0.046 0.10507246376811594
0 0.026000000000000002 0.6666666666666666 0.048 0.13043478260869565
0 0.028 0.7789855072463768 0.056 0.15942028985507248
0 0.085 0.6213768115942029 0.03 0.12681159420289856
0 0.113 0.6721014492753623 0.054 0.19927536231884058
0 0.17 0.6865942028985508 0.084 0.1847826086956522
0 0.301 0.6956521739130435 0.066 0.2826086956521739
0 0.434 0.8278985507246377 0.056 0.32971014492753625
0 0.512 0.8134057971014493 0.096 0.358695652173913
0 0.447 0.6503623188405797 0.054 0.2427536231884058
0 0.51 0.6014492753623188 0.032 0.2028985507246377
0 0.551 0.6141304347826088 0.026000000000000002 0.20652173913043478
0 0.585 0.6032608695652174 0.038 0.2210144927536232
0 0.579 0.6322463768115942 0.046 0.20652173913043478
0 0.63 0.6231884057971014 0.044 0.18840579710144928
0 0.672 0.6014492753623188 0.028 0.21739130434782608
0 0.6970000000000001 0.625 0.034 0.19202898550724637
0 0.718 0.7264492753623188 0.04 0.322463768115942
0 0.802 0.677536231884058 0.052000000000000005 0.26811594202898553
0 0.765 0.6268115942028986 0.026000000000000002 0.2391304347826087
0 0.845 0.7536231884057971 0.034 0.3695652173913044
0 0.857 0.5833333333333334 0.034 0.15217391304347827
0 0.903 0.5489130434782609 0.034 0.09782608695652174
0 0.966 0.6141304347826088 0.048 0.10507246376811594
0 0.909 0.6213768115942029 0.038 0.06884057971014493
0 0.98 0.8297101449275363 0.036000000000000004 0.32608695652173914
0 0.913 0.8333333333333334 0.114 0.31884057971014496
0 0.707 0.9384057971014493 0.09 0.11594202898550725
