0 0.116 0.24533333333333332 0.064 0.18666666666666665
0 0.93 0.216 0.032 0.09066666666666666
0 0.895 0.21066666666666667 0.038 0.10133333333333333
0 0.727 0.19866666666666666 0.034 0.06133333333333333
0 0.586 0.208 0.04 0.12266666666666666
0 0.229 0.22533333333333333 0.038 0.13066666666666665
0 0.355 0.212 0.026000000000000002 0.10933333333333332
0 0.404 0.19866666666666666 0.028 0.050666666666666665
0 0.313 0.18533333333333332 0.018000000000000002 0.034666666666666665
0 0.334 0.19999999999999998 0.02 0.064
