0 0.671 0.6266666666666666 0.106 0.33599999999999997
0 0.715 0.6133333333333333 0.186 0.4533333333333333
0 0.517 0.5853333333333333 0.098 0.3173333333333333
0 0.556 0.5813333333333334 0.092 0.42666666666666664
0 0.353 0.5586666666666666 0.114 0.30133333333333334
0 0.404 0.5506666666666666 0.128 0.44
0 0.20600000000000002 0.5293333333333333 0.116 0.312
0 0.254 0.536 0.14400000000000002 0.42666666666666664
0 0.795 0.43466666666666665 0.026000000000000002 0.11733333333333333
0 0.544 0.3853333333333333 0.04 0.10933333333333332
