0 0.269 0.20270270270270271 0.058 0.23123123123123124
0 0.328 0.1891891891891892 0.068 0.25225225225225223
0 0.444 0.15315315315315314 0.088 0.2042042042042042
0 0.529 0.16216216216216217 0.09 0.1921921921921922
0 0.752 0.26126126126126126 0.076 0.14414414414414414
0 0.681 0.5630630630630631 0.23800000000000002 0.5975975975975976
0 0.549 0.38738738738738737 0.134 0.2702702702702703
0 0.241 0.6066066066066066 0.354 0.7807807807807807
0 0.481 0.3858858858858859 0.08600000000000001 0.2852852852852853
0 0.434 0.37537537537537535 0.084 0.29429429429429427
