0 0.625 0.384 0.066 0.07466666666666666
0 0.9400000000000001 0.25866666666666666 0.044 0.256
0 0.914 0.17466666666666666 0.028 0.08266666666666667
0 0.856 0.2693333333333333 0.04 0.22933333333333333
0 0.8170000000000001 0.26666666666666666 0.046 0.22933333333333333
0 0.892 0.3413333333333333 0.092 0.368
0 0.722 0.24133333333333332 0.1 0.23199999999999998
0 0.622 0.244 0.12 0.152
0 0.56 0.244 0.056 0.12
0 0.498 0.24 0.076 0.16
0 0.42 0.2693333333333333 0.052000000000000005 0.20266666666666666
0 0.323 0.27466666666666667 0.078 0.24
0 0.273 0.288 0.062 0.224
0 0.131 0.30933333333333335 0.078 0.304
0 0.075 0.3333333333333333 0.078 0.304
0 0.016 0.3253333333333333 0.028 0.30933333333333335
