0 0.7973333333333333 0.639 0.2613333333333333 0.486
0 0.652 0.659 0.152 0.41400000000000003
0 0.46399999999999997 0.774 0.13866666666666666 0.244
0 0.37066666666666664 0.771 0.23466666666666666 0.31
0 0.16933333333333334 0.777 0.18933333333333333 0.338
0 0.09733333333333333 0.6910000000000001 0.19466666666666665 0.406
0 0.20933333333333332 0.536 0.408 0.196
0 0.268 0.5710000000000001 0.15733333333333333 0.218
0 0.3973333333333333 0.456 0.128 0.064
0 0.47733333333333333 0.419 0.13866666666666666 0.106
0 0.5893333333333333 0.41200000000000003 0.18133333333333332 0.112
