0 0.131 0.3 0.218 0.41866666666666663
0 0.313 0.18666666666666665 0.094 0.2613333333333333
0 0.661 0.312 0.17 0.288
0 0.434 0.39066666666666666 0.18 0.27466666666666667
0 0.67 0.42133333333333334 0.156 0.24
0 0.798 0.32 0.108 0.2826666666666667
0 0.719 0.29333333333333333 0.114 0.26666666666666666
0 0.438 0.27999999999999997 0.228 0.33066666666666666
0 0.926 0.3 0.116 0.21066666666666667
0 0.862 0.292 0.068 0.16799999999999998
0 0.968 0.30666666666666664 0.06 0.17066666666666666
0 0.297 0.2826666666666667 0.114 0.18666666666666665
0 0.035 0.19733333333333333 0.07 0.39466666666666667
