0 0.8240000000000001 0.17466666666666666 0.12 0.30666666666666664
0 0.746 0.19066666666666665 0.092 0.376
0 0.667 0.172 0.094 0.30666666666666664
0 0.64 0.5906666666666667 0.112 0.5253333333333333
0 0.772 0.876 0.17200000000000001 0.24266666666666667
0 0.562 0.9066666666666666 0.14 0.18133333333333332
0 0.364 0.08266666666666667 0.06 0.11733333333333333
0 0.29 0.06133333333333333 0.07200000000000001 0.11733333333333333
0 0.186 0.18933333333333333 0.056 0.3733333333333333
0 0.234 0.19066666666666665 0.096 0.37066666666666664
0 0.328 0.21333333333333332 0.128 0.3253333333333333
0 0.049 0.7999999999999999 0.094 0.39466666666666667
0 0.028 0.208 0.056 0.37866666666666665
