0 0.389 0.3708708708708709 0.126 0.42342342342342343
0 0.631 0.25975975975975973 0.042 0.17117117117117117
0 0.757 0.3288288288288288 0.03 0.13513513513513514
0 0.9510000000000001 0.3408408408408408 0.026000000000000002 0.0990990990990991
0 0.837 0.3408408408408408 0.046 0.1111111111111111
0 0.791 0.34534534534534533 0.042 0.0960960960960961
0 0.316 0.3663663663663664 0.032 0.1021021021021021
0 0.228 0.36936936936936937 0.04 0.10810810810810811
0 0.194 0.3783783783783784 0.04 0.09009009009009009
0 0.152 0.3153153153153153 0.028 0.04804804804804805
0 0.145 0.3708708708708709 0.046 0.11711711711711711
0 0.107 0.3738738738738739 0.042 0.0990990990990991
0 0.07 0.3843843843843844 0.04 0.1021021021021021
0 0.018000000000000002 0.3663663663663664 0.036000000000000004 0.13213213213213212
0 0.082 0.3483483483483483 0.024 0.04804804804804805
0 0.202 0.24024024024024024 0.04 0.04804804804804805
0 0.197 0.2957957957957958 0.034 0.05105105105105105
0 0.521 0.2957957957957958 0.034 0.06306306306306306
