0 0.974 0.8973333333333333 0.048 0.19999999999999998
0 0.917 0.9039999999999999 0.05 0.18666666666666665
0 0.846 0.9079999999999999 0.06 0.17866666666666667
0 0.8210000000000001 0.8933333333333333 0.042 0.20266666666666666
0 0.748 0.9053333333333333 0.06 0.184
0 0.602 0.892 0.064 0.21066666666666667
0 0.644 0.9146666666666666 0.044 0.16533333333333333
0 0.53 0.9039999999999999 0.076 0.18666666666666665
0 0.481 0.9053333333333333 0.058 0.184
0 0.427 0.9093333333333333 0.058 0.176
0 0.4 0.9039999999999999 0.04 0.18666666666666665
0 0.363 0.9079999999999999 0.046 0.16799999999999998
0 0.273 0.9079999999999999 0.074 0.17866666666666667
0 0.22 0.9026666666666666 0.092 0.18933333333333333
0 0.125 0.9 0.07 0.18933333333333333
0 0.066 0.9146666666666666 0.048 0.16533333333333333
0 0.026000000000000002 0.9119999999999999 0.044 0.17066666666666666
