0 0.846 0.2653333333333333 0.06 0.25866666666666666
0 0.761 0.22933333333333333 0.05 0.144
0 0.896 0.2786666666666667 0.036000000000000004 0.184
0 0.912 0.24666666666666665 0.044 0.19466666666666665
0 0.721 0.21466666666666667 0.042 0.14666666666666667
0 0.192 0.2373333333333333 0.024 0.11733333333333333
0 0.213 0.22933333333333333 0.022 0.08533333333333333
0 0.23900000000000002 0.216 0.018000000000000002 0.096
0 0.074 0.23199999999999998 0.028 0.12266666666666666
0 0.111 0.23333333333333334 0.034 0.11466666666666667
0 0.146 0.22666666666666666 0.028 0.112
0 0.168 0.23199999999999998 0.024 0.096
