0 0.383 0.6508379888268156 0.11 0.37988826815642457
0 0.164 0.6424581005586593 0.112 0.30726256983240224
0 0.541 0.6410614525139665 0.10200000000000001 0.3547486033519553
0 0.7020000000000001 0.6215083798882681 0.116 0.38268156424581007
0 0.094 0.6829608938547487 0.068 0.3324022346368715
0 0.023 0.6606145251396648 0.046 0.3547486033519553
0 0.8260000000000001 0.5670391061452514 0.052000000000000005 0.2569832402234637
0 0.881 0.5754189944134078 0.05 0.2681564245810056
0 0.924 0.5642458100558659 0.044 0.2737430167597765
0 0.963 0.5558659217877095 0.058 0.27932960893854747
0 0.989 0.553072625698324 0.018000000000000002 0.2569832402234637
