0 0.322 0.5071174377224199 0.192 0.5587188612099644
0 0.907 0.23487544483985764 0.058 0.26334519572953735
0 0.842 0.22064056939501778 0.032 0.24199288256227758
0 0.8140000000000001 0.1903914590747331 0.028 0.11743772241992882
0 0.6920000000000001 0.2384341637010676 0.048 0.25622775800711745
0 0.558 0.3113879003558719 0.056 0.25266903914590744
0 0.536 0.26512455516014233 0.04 0.2882562277580071
0 0.489 0.28113879003558717 0.03 0.13523131672597863
0 0.437 0.3167259786476868 0.046 0.20640569395017794
0 0.371 0.31316725978647686 0.05 0.18505338078291814
