0 0.686 0.5173010380622838 0.456 0.7301038062283737
0 0.20700000000000002 0.47923875432525953 0.35000000000000003 0.7439446366782008
0 0.864 0.2577854671280277 0.108 0.4740484429065744
0 0.324 0.2577854671280277 0.128 0.3633217993079585
0 0.5710000000000001 0.13494809688581316 0.10200000000000001 0.18685121107266436
0 0.624 0.11764705882352941 0.124 0.23529411764705882
0 0.223 0.14186851211072665 0.10200000000000001 0.16608996539792387
0 0.035 0.18339100346020762 0.07 0.35294117647058826
0 0.9570000000000001 0.2889273356401384 0.082 0.39100346020761245
0 0.742 0.12975778546712805 0.092 0.2595155709342561
0 0.808 0.09169550173010381 0.056 0.18339100346020762
0 0.387 0.13667820069204153 0.082 0.27335640138408307
0 0.308 0.05536332179930796 0.08 0.11072664359861592
0 0.249 0.08996539792387544 0.066 0.17993079584775087
0 0.168 0.10207612456747406 0.088 0.20415224913494812
