0 0.649 0.6346666666666666 0.486 0.7253333333333333
0 0.308 0.6639999999999999 0.552 0.6666666666666666
0 0.881 0.47866666666666663 0.234 0.952
0 0.775 0.15866666666666665 0.186 0.312
0 0.379 0.17866666666666667 0.254 0.35733333333333334
0 0.267 0.3213333333333333 0.41400000000000003 0.6373333333333333
0 0.509 0.14533333333333334 0.066 0.2906666666666667
0 0.062 0.6146666666666667 0.124 0.7653333333333333
0 0.053 0.25066666666666665 0.106 0.304
0 0.31 0.09866666666666667 0.14 0.19733333333333333
