0 0.46399999999999997 0.34900000000000003 0.16533333333333333 0.122
0 0.8973333333333333 0.559 0.19999999999999998 0.426
0 0.768 0.426 0.06933333333333333 0.08
0 0.6053333333333333 0.403 0.20266666666666666 0.114
0 0.6933333333333334 0.364 0.10133333333333333 0.076
0 0.5693333333333334 0.341 0.08266666666666667 0.038
0 0.248 0.328 0.13333333333333333 0.136
0 0.2653333333333333 0.34600000000000003 0.23199999999999998 0.156
0 0.33599999999999997 0.41400000000000003 0.112 0.112
0 0.244 0.446 0.13066666666666665 0.128
0 0.14533333333333334 0.504 0.13599999999999998 0.14400000000000002
0 0.07866666666666666 0.52 0.15733333333333333 0.432
0 0.7053333333333333 0.705 0.424 0.586
