0 0.7030000000000001 0.184 0.038 0.08
0 0.714 0.25866666666666666 0.10400000000000001 0.192
0 0.768 0.33866666666666667 0.156 0.27199999999999996
0 0.796 0.40399999999999997 0.148 0.30133333333333334
0 0.809 0.6013333333333333 0.378 0.584
0 0.592 0.16133333333333333 0.08 0.11466666666666667
0 0.499 0.16666666666666666 0.05 0.104
0 0.47800000000000004 0.20933333333333332 0.084 0.12
0 0.42 0.23333333333333334 0.12 0.13599999999999998
0 0.369 0.2733333333333333 0.23 0.21066666666666667
0 0.328 0.4106666666666667 0.18 0.33599999999999997
0 0.251 0.48266666666666663 0.218 0.4106666666666667
0 0.163 0.704 0.326 0.5866666666666667
