0 0.524 0.544 0.19466666666666665 0.616
0 0.7146666666666667 0.34500000000000003 0.03733333333333333 0.058
0 0.9359999999999999 0.34800000000000003 0.026666666666666665 0.056
0 0.9613333333333333 0.35000000000000003 0.029333333333333333 0.056
0 0.644 0.343 0.04533333333333333 0.05
0 0.10133333333333333 0.331 0.03733333333333333 0.058
0 0.15866666666666665 0.336 0.034666666666666665 0.056
0 0.2813333333333333 0.34600000000000003 0.018666666666666665 0.028
0 0.35466666666666663 0.329 0.03733333333333333 0.058
0 0.45599999999999996 0.34500000000000003 0.026666666666666665 0.03
0 0.19066666666666665 0.34600000000000003 0.029333333333333333 0.032
