0 0.154 0.156 0.068 0.10933333333333332
0 0.446 0.17466666666666666 0.032 0.06133333333333333
0 0.219 0.19599999999999998 0.042 0.088
0 0.397 0.616 0.042 0.08533333333333333
0 0.33 0.7653333333333333 0.06 0.08533333333333333
0 0.329 0.6826666666666666 0.07 0.10133333333333333
0 0.396 0.728 0.056 0.09066666666666666
0 0.40900000000000003 0.9626666666666667 0.054 0.058666666666666666
0 0.524 0.6733333333333333 0.032 0.06666666666666667
0 0.531 0.45466666666666666 0.046 0.07733333333333334
0 0.607 0.3506666666666667 0.026000000000000002 0.09866666666666667
0 0.6930000000000001 0.5426666666666666 0.042 0.088
0 0.719 0.7106666666666667 0.046 0.08266666666666667
0 0.652 0.716 0.032 0.07733333333333334
0 0.6910000000000001 0.7879999999999999 0.03 0.06666666666666667
0 0.686 0.17333333333333334 0.028 0.06933333333333333
0 0.601 0.17866666666666667 0.026000000000000002 0.07466666666666666
0 0.56 0.14933333333333332 0.028 0.08533333333333333
0 0.649 0.15333333333333332 0.03 0.06666666666666667
0 0.606 0.13466666666666666 0.036000000000000004 0.07733333333333334
0 0.577 0.10133333333333333 0.022 0.048
