0 0.919 0.6453333333333333 0.106 0.256
0 0.741 0.528 0.034 0.10133333333333333
0 0.677 0.624 0.08600000000000001 0.30933333333333335
0 0.541 0.524 0.022 0.104
0 0.485 0.6799999999999999 0.134 0.4746666666666666
0 0.386 0.5693333333333334 0.092 0.2533333333333333
0 0.1 0.7093333333333333 0.168 0.576
0 0.041 0.5026666666666666 0.038 0.08266666666666667
0 0.167 0.49866666666666665 0.03 0.07466666666666666
0 0.209 0.5453333333333333 0.034 0.11466666666666667
0 0.262 0.5626666666666666 0.052000000000000005 0.09066666666666666
