0 0.049 0.35778443113772457 0.098 0.24850299401197606
0 0.228 0.438622754491018 0.136 0.3203592814371258
0 0.35000000000000003 0.4476047904191617 0.10400000000000001 0.23652694610778444
0 0.446 0.5299401197604791 0.14 0.32335329341317365
0 0.638 0.5389221556886228 0.152 0.28742514970059885
0 0.707 0.5464071856287426 0.14200000000000002 0.3083832335329342
0 0.9410000000000001 0.6392215568862276 0.114 0.3323353293413174
0 0.675 0.13323353293413173 0.062 0.1287425149700599
0 0.601 0.1287425149700599 0.066 0.11377245508982037
0 0.506 0.11077844311377247 0.07200000000000001 0.125748502994012
