0 0.079 0.824 0.154 0.3466666666666667
0 0.273 0.72 0.434 0.5546666666666666
0 0.339 0.6293333333333333 0.306 0.5173333333333333
0 0.657 0.47733333333333333 0.13 0.2613333333333333
0 0.708 0.7053333333333333 0.324 0.584
0 0.926 0.7853333333333333 0.14400000000000002 0.424
0 0.47100000000000003 0.20133333333333334 0.078 0.12533333333333332
0 0.332 0.364 0.10400000000000001 0.17333333333333334
0 0.447 0.43866666666666665 0.13 0.248
0 0.45 0.33466666666666667 0.10400000000000001 0.12533333333333332
