0 0.647 0.15066666666666667 0.154 0.30133333333333334
0 0.806 0.14933333333333332 0.124 0.29866666666666664
0 0.138 0.15333333333333332 0.12 0.30666666666666664
0 0.029 0.20533333333333334 0.058 0.21333333333333332
0 0.421 0.536 0.462 0.736
0 0.712 0.632 0.4 0.7306666666666667
0 0.9410000000000001 0.8373333333333333 0.114 0.32
0 0.524 0.8346666666666667 0.216 0.3253333333333333
0 0.269 0.856 0.17400000000000002 0.2826666666666667
0 0.092 0.8466666666666667 0.184 0.30133333333333334
0 0.014 0.6866666666666666 0.028 0.088
0 0.35000000000000003 0.22 0.244 0.17866666666666667
