0 0.21 0.38288288288288286 0.06 0.16516516516516516
0 0.169 0.3888888888888889 0.062 0.15915915915915915
0 0.124 0.3153153153153153 0.036000000000000004 0.08408408408408408
0 0.082 0.3063063063063063 0.04 0.07807807807807808
0 0.048 0.3078078078078078 0.04 0.06906906906906907
0 0.053 0.3918918918918919 0.062 0.17117117117117117
0 0.08600000000000001 0.3918918918918919 0.04 0.15915915915915915
0 0.125 0.38738738738738737 0.066 0.16216216216216217
0 0.458 0.4339339339339339 0.052000000000000005 0.08108108108108109
0 0.064 0.22372372372372373 0.028 0.057057057057057055
0 0.027 0.21621621621621623 0.034 0.05405405405405406
