0 0.045 0.5626666666666666 0.09 0.42666666666666664
0 0.183 0.372 0.138 0.21066666666666667
0 0.265 0.41733333333333333 0.09 0.14133333333333334
0 0.431 0.5133333333333333 0.098 0.44
0 0.5 0.6293333333333333 0.152 0.4106666666666667
0 0.272 0.7746666666666666 0.14 0.408
0 0.045 0.8946666666666666 0.09 0.20533333333333334
0 0.145 0.888 0.122 0.21866666666666665
0 0.262 0.9013333333333333 0.088 0.192
0 0.376 0.88 0.124 0.23466666666666666
0 0.339 0.9533333333333333 0.11 0.088
0 0.97 0.5693333333333334 0.056 0.344
0 0.9560000000000001 0.47866666666666663 0.084 0.3973333333333333
0 0.8250000000000001 0.42533333333333334 0.146 0.41333333333333333
