0 0.9520000000000001 0.15333333333333332 0.092 0.24266666666666667
0 0.877 0.09333333333333332 0.026000000000000002 0.064
0 0.846 0.08133333333333333 0.032 0.050666666666666665
0 0.776 0.08533333333333333 0.044 0.06933333333333333
0 0.736 0.08666666666666667 0.04 0.07733333333333334
0 0.7020000000000001 0.07066666666666667 0.008 0.034666666666666665
0 0.684 0.072 0.032 0.058666666666666666
0 0.577 0.06666666666666667 0.022 0.032
0 0.502 0.06266666666666666 0.02 0.034666666666666665
0 0.538 0.06133333333333333 0.028 0.032
0 0.401 0.104 0.082 0.13866666666666666
