0 0.985 0.45066666666666666 0.018000000000000002 0.058666666666666666
0 0.9430000000000001 0.444 0.01 0.050666666666666665
0 0.903 0.45199999999999996 0.014 0.056
0 0.917 0.4413333333333333 0.014 0.04533333333333333
0 0.87 0.45466666666666666 0.02 0.04533333333333333
0 0.672 0.204 0.028 0.04
0 0.638 0.20533333333333334 0.028 0.03733333333333333
0 0.598 0.18666666666666665 0.036000000000000004 0.042666666666666665
0 0.556 0.16799999999999998 0.036000000000000004 0.03733333333333333
0 0.509 0.15333333333333332 0.042 0.04
0 0.456 0.13599999999999998 0.036000000000000004 0.048
0 0.395 0.11599999999999999 0.066 0.072
0 0.618 0.43866666666666665 0.036000000000000004 0.050666666666666665
0 0.652 0.428 0.028 0.056
