0 0.64 0.54 0.5 0.36
0 0.044 0.8613333333333333 0.088 0.26666666666666666
0 0.165 0.6226666666666666 0.038 0.2533333333333333
0 0.226 0.6146666666666667 0.064 0.25866666666666666
0 0.307 0.6093333333333333 0.058 0.24266666666666667
0 0.376 0.6026666666666667 0.088 0.208
0 0.354 0.504 0.044 0.09066666666666666
0 0.249 0.6093333333333333 0.038 0.25866666666666666
0 0.044 0.636 0.088 0.376
0 0.775 0.5706666666666667 0.046 0.06933333333333333
0 0.978 0.6506666666666666 0.04 0.18133333333333332
0 0.933 0.636 0.058 0.12
0 0.926 0.6799999999999999 0.044 0.08
0 0.255 0.7853333333333333 0.08600000000000001 0.12533333333333332
0 0.849 0.5933333333333333 0.054 0.11466666666666667
0 0.427 0.58 0.05 0.12
