0 0.651 0.39199999999999996 0.094 0.23466666666666666
0 0.551 0.3733333333333333 0.082 0.176
0 0.52 0.32266666666666666 0.076 0.288
0 0.58 0.2786666666666667 0.056 0.16266666666666665
0 0.648 0.29733333333333334 0.08 0.19999999999999998
0 0.723 0.444 0.07 0.39199999999999996
0 0.9380000000000001 0.308 0.064 0.16799999999999998
0 0.936 0.484 0.1 0.22133333333333333
0 0.374 0.42666666666666664 0.04 0.064
0 0.31 0.428 0.024 0.056
0 0.037 0.43866666666666665 0.074 0.17866666666666667
0 0.9540000000000001 0.5 0.068 0.152
