0 0.8230000000000001 0.6733333333333333 0.35000000000000003 0.632
0 0.6900000000000001 0.368 0.08 0.112
0 0.637 0.324 0.05 0.07733333333333334
0 0.531 0.2853333333333333 0.07 0.08533333333333333
0 0.498 0.33199999999999996 0.076 0.13599999999999998
0 0.457 0.3466666666666667 0.062 0.16
0 0.419 0.356 0.08600000000000001 0.17866666666666667
0 0.364 0.4933333333333333 0.168 0.368
0 0.131 0.6679999999999999 0.234 0.5253333333333333
0 0.257 0.312 0.47000000000000003 0.5173333333333333
0 0.911 0.172 0.066 0.088
0 0.853 0.16 0.062 0.112
0 0.9440000000000001 0.31466666666666665 0.092 0.10666666666666666
