0 0.911 0.6312684365781711 0.074 0.3303834808259587
0 0.965 0.6297935103244837 0.066 0.34513274336283184
0 0.8150000000000001 0.6017699115044248 0.082 0.33628318584070793
0 0.673 0.5796460176991151 0.10200000000000001 0.29793510324483774
0 0.77 0.5929203539823009 0.032 0.3126843657817109
0 0.741 0.5958702064896755 0.042 0.3008849557522124
0 0.503 0.5825958702064896 0.046 0.22123893805309736
0 0.5760000000000001 0.5870206489675516 0.048 0.22418879056047197
0 0.539 0.5870206489675516 0.034 0.20058997050147492
0 0.631 0.5973451327433629 0.046 0.22123893805309736
0 0.459 0.5870206489675516 0.074 0.20058997050147492
0 0.13 0.6696165191740413 0.26 0.6548672566371682
0 0.6960000000000001 0.28908554572271383 0.068 0.17699115044247787
0 0.796 0.2536873156342183 0.064 0.1710914454277286
0 0.738 0.27728613569321536 0.036000000000000004 0.1710914454277286
0 0.764 0.2581120943952802 0.032 0.18584070796460178
