0 0.201 0.9573333333333333 0.026000000000000002 0.058666666666666666
0 0.178 0.8946666666666666 0.032 0.088
0 0.929 0.9626666666666667 0.03 0.06933333333333333
0 0.864 0.9653333333333333 0.028 0.064
0 0.43 0.9653333333333333 0.02 0.064
0 0.41000000000000003 0.9693333333333333 0.02 0.056
0 0.382 0.976 0.028 0.042666666666666665
0 0.355 0.9786666666666667 0.03 0.03733333333333333
0 0.327 0.9706666666666667 0.018000000000000002 0.05333333333333333
0 0.224 0.98 0.024 0.034666666666666665
0 0.245 0.9826666666666667 0.026000000000000002 0.029333333333333333
0 0.278 0.9746666666666667 0.02 0.04533333333333333
0 0.279 0.9573333333333333 0.022 0.03733333333333333
0 0.274 0.9279999999999999 0.024 0.07466666666666666
0 0.9500000000000001 0.8213333333333334 0.016 0.07466666666666666
0 0.9380000000000001 0.816 0.02 0.048
