0 0.265 0.721556886227545 0.062 0.2754491017964072
0 0.182 0.6766467065868264 0.048 0.22754491017964074
0 0.35100000000000003 0.7140718562874252 0.05 0.2904191616766467
0 0.485 0.6841317365269461 0.054 0.2125748502994012
0 0.787 0.7005988023952097 0.038 0.22155688622754494
0 0.8280000000000001 0.7290419161676647 0.07200000000000001 0.24251497005988026
0 0.749 0.62874251497006 0.038 0.18562874251497008
0 0.784 0.6497005988023953 0.032 0.17365269461077845
0 0.849 0.594311377245509 0.046 0.18263473053892218
0 0.907 0.6467065868263473 0.042 0.19760479041916168
0 0.977 0.6631736526946108 0.042 0.2065868263473054
