0 0.6980000000000001 0.5373333333333333 0.032 0.09866666666666667
0 0.23800000000000002 0.504 0.048 0.05333333333333333
0 0.304 0.5373333333333333 0.044 0.13599999999999998
0 0.41100000000000003 0.5453333333333333 0.042 0.12
0 0.5680000000000001 0.7626666666666666 0.116 0.304
0 0.395 0.7106666666666667 0.08600000000000001 0.248
0 0.255 0.648 0.098 0.21333333333333332
0 0.117 0.632 0.094 0.224
0 0.196 0.5933333333333333 0.064 0.17333333333333334
0 0.602 0.5599999999999999 0.048 0.12266666666666666
0 0.644 0.5373333333333333 0.028 0.07733333333333334
0 0.029 0.532 0.038 0.13066666666666665
0 0.07200000000000001 0.52 0.044 0.06933333333333333
0 0.146 0.4933333333333333 0.036000000000000004 0.058666666666666666
0 0.165 0.484 0.026000000000000002 0.04533333333333333
0 0.785 0.5586666666666666 0.03 0.104
0 0.761 0.568 0.034 0.10133333333333333
0 0.8230000000000001 0.564 0.046 0.056
0 0.47400000000000003 0.584 0.064 0.16
