0 0.927 0.4174174174174174 0.026000000000000002 0.06606606606606606
0 0.9470000000000001 0.5345345345345345 0.066 0.2882882882882883
0 0.984 0.4519519519519519 0.028 0.14114114114114115
0 0.741 0.4369369369369369 0.038 0.0990990990990991
0 0.792 0.44144144144144143 0.028 0.09009009009009009
0 0.326 0.4264264264264264 0.028 0.04204204204204204
0 0.40800000000000003 0.43093093093093093 0.028 0.06906906906906907
0 0.275 0.4189189189189189 0.014 0.03303303303303303
0 0.254 0.4219219219219219 0.028 0.04504504504504504
0 0.168 0.4159159159159159 0.032 0.04504504504504504
