0 0.272 0.39206349206349206 0.036000000000000004 0.09841269841269841
0 0.309 0.38095238095238093 0.046 0.08888888888888889
0 0.355 0.373015873015873 0.05 0.08571428571428572
0 0.426 0.37142857142857144 0.04 0.0761904761904762
0 0.499 0.43492063492063493 0.062 0.18412698412698414
0 0.438 0.5650793650793651 0.156 0.35555555555555557
0 0.257 0.4507936507936508 0.074 0.13968253968253969
0 0.159 0.4873015873015873 0.094 0.15555555555555556
0 0.07 0.5857142857142857 0.132 0.35873015873015873
0 0.585 0.3761904761904762 0.066 0.1111111111111111
0 0.68 0.3603174603174603 0.06 0.10476190476190476
0 0.757 0.3603174603174603 0.082 0.10476190476190476
0 0.8310000000000001 0.3619047619047619 0.058 0.10158730158730159
0 0.897 0.38095238095238093 0.11 0.13333333333333333
0 0.859 0.5111111111111111 0.134 0.3746031746031746
0 0.642 0.5031746031746032 0.096 0.346031746031746
