000009
000017
000021
000023
000030
000032
000035
000041
000048
000050
000051
000066
000073
000081
000083
000089
000101
000104
000110
000113
000125
000129
000131
000133
000138
000146
000150
000159
000162
000163
000164
000165
000169
000170
000171
000173
000174
000177
000190
000192
000193
000194
000200
000210
000218
000220
000222
000229
000232
000245
000251
000257
000259
000269
000275
000276
000278
000282
000285
000288
000298
000302
000305
000308
000320
000321
000322
000323
000328
000331
000337
000338
000352
000359
000367
000372
000374
000382
000394
000406
000407
000411
000419
000428
000433
000435
000438
000443
000446
000448
000463
000468
000470
000476
000477
000480
000482
000483
000498
000499
000500
000515
000516
000518
000520
000523
000524
000525
000526
000530
000531
000535
000541
000545
000554
000555
000579
000583
000589
000591
000597
000612
000613
000625
000626
000628
000633
000648
000654
000677
000684
000688
000690
000694
000695
000702
000709
000717
000726
000731
000733
000739
000742
000750
000752
000753
000755
000760
000770
000777
000782
000786
000793
000797
000799
000802
000805
000806
000810
000812
000814
000816
000828
000829
000834
000842
000843
000847
000848
000851
000854
000855
000859
000860
000862
000865
000874
000878
000879
000885
000892
000895
000898
000902
000903
000904
000906
000911
000915
000918
000920
000926
000937
000943
000948
000949
000966
000967
000971
000982
000987
000991
000996
000999
001001
001011
001014
001017
001024
001028
001036
001042
001050
001057
001060
001061
001064
001066
001071
001072
001079
001084
001091
001092
001097
001101
001109
001113
001125
001129
001137
001140
001145
001147
001151
001152
001164
001168
001170
001171
001175
001185
001186
001201
001206
001212
001221
001224
001229
001234
001236
001240
001241
001248
001254
001259
001265
001266
001269
001272
001279
001281
001284
001287
001292
001298
001304
001309
001310
001311
001315
001325
001327
001330
001333
001337
001346
001350
001352
001362
001378
001388
001390
001393
001405
001406
001408
001409
001414
001420
001421
001426
001427
001430
001434
001445
001450
001451
001455
001460
001463
001472
001475
001479
001480
001484
001485
001493
001498
001499
001501
001504
001509
001510
001514
001521
001523
001524
001526
001531
001532
001536
001537
001544
001548
001554
001557
001561
001563
001571
001577
001579
001580
001586
001593
001594
001603
001608
001611
001617
001622
001627
001628
001630
001640
001649
001651
001654
001678
001682
001686
001689
001690
001691
001711
001717
001721
001723
001725
001726
001727
001729
001730
001749
001754
001756
001758
001759
001766
001772
001775
001784
001785
001789
001793
001795
001797
001799
001800
001801
001806
001807
001809
001810
001828
001830
001832
001833
001836
001837
001841
001843
001849
001854
001861
001864
001881
001887
001894
001899
001902
001903
001904
001918
001920
001927
001930
001932
001938
001941
001944
001945
001950
001958
001963
001977
001978
001980
001989
001999
002000
002012
002022
002024
002030
002051
002055
002061
002069
002082
002090
002091
002096
002104
002108
002114
002116
002117
002120
002142
002145
002156
002163
002169
002170
002171
002172
002174
002176
002180
002183
002186
002187
002190
002193
002194
002213
002214
002219
002220
002221
002224
002226
002233
002238
002241
002244
002256
002261
002265
002272
002273
002277
002281
002285
002288
002290
002293
002302
002306
002307
002311
002324
002329
002332
002337
002342
002361
002362
002367
002372
002378
002382
002384
002385
002387
002401
002403
002405
002410
002413
002419
002425
002433
002443
002444
002448
002450
002458
002459
002460
002472
002476
002477
002481
002483
002491
002497
002501
002504
002514
002518
002520
002524
002529
002533
002539
002540
002542
002545
002554
002555
002558
002561
002563
002564
002565
002566
002572
002584
002585
002589
002595
002611
002613
002625
002632
002633
002636
002637
002641
002643
002649
002657
002658
002662
002668
002669
002675
002678
002689
002691
002693
002696
002710
002713
002714
002715
002723
002727
002730
002735
002741
002744
002751
002755
002759
002767
002776
002786
002795
002798
002803
002804
002807
002815
002826
002827
002834
002838
002841
002842
002855
002858
002859
002864
002867
002870
002879
002881
002884
002886
002889
002899
002901
002912
002913
002914
002915
002916
002931
002932
002933
002935
002939
002940
002954
002958
002960
002962
002965
002975
002976
002987
002988
002990
002992
003002
003003
003017
003023
003024
003027
003031
003034
003039
003042
003044
003057
003058
003063
003064
003065
003077
003078
003086
003088
003089
003100
003102
003106
003107
003118
003121
003122
003124
003129
003134
003138
003140
003145
003147
003150
003159
003162
003170
003175
003181
003185
003188
003189
003205
003210
003213
003218
003228
003236
003247
003253
003259
003260
003261
003270
003280
003282
003284
003290
003292
003296
003301
003303
003311
003313
003320
003327
003331
003335
003344
003350
003355
003360
003362
003367
003369
003373
003376
003380
003382
003386
003390
003391
003395
003396
003397
003403
003406
003407
003412
003416
003417
003422
003424
003429
003433
003435
003436
003450
003453
003455
003462
003465
003466
003468
003469
003470
003484
003487
003492
003496
003510
003518
003521
003528
003529
003530
003536
003539
003548
003550
003556
003566
003567
003575
003576
003577
003580
003585
003589
003603
003611
003618
003621
003625
003628
003638
003644
003645
003648
003651
003654
003655
003662
003663
003664
003669
003678
003685
003688
003690
003691
003694
003696
003699
003700
003703
003706
003708
003711
003717
003732
003735
003740
003749
003751
003759
003760
003779
003780
003781
003797
003811
003817
003820
003824
003826
003827
003838
003847
003849
003855
003856
003859
003860
003863
003865
003868
003869
003877
003879
003889
003891
003899
003913
003915
003923
003932
003939
003945
003946
003948
003953
003960
003961
003963
003966
003970
003973
003974
003986
003992
003994
003996
004008
004010
004012
004014
004016
004017
004019
004020
004028
004031
004033
004039
004046
004047
004051
004058
004060
004067
004073
004075
004077
004085
004089
004091
004092
004110
004111
004117
004121
004122
004133
004136
004137
004138
004141
004142
004145
004158
004168
004169
004170
004191
004195
004201
004205
004209
004223
004224
004229
004230
004231
004232
004237
004244
004246
004257
004258
004259
004265
004269
004270
004273
004275
004279
004281
004287
004291
004292
004296
004298
004304
004321
004322
004323
004327
004329
004339
004346
004356
004359
004360
004361
004370
004372
004380
004384
004387
004389
004392
004397
004404
004424
004433
004437
004438
004457
004459
004463
004464
004466
004470
004471
004479
004481
004487
004494
004495
004496
004499
004508
004509
004512
004517
004518
004520
004528
004530
004535
004537
004542
004553
004562
004563
004571
004574
004588
004595
004601
004604
004605
004607
004609
004611
004622
004630
004631
004647
004648
004653
004656
004660
004662
004672
004673
004676
004679
004685
004686
004687
004692
004693
004694
004699
004706
004707
004715
004718
004722
004723
004727
004732
004742
004750
004753
004760
004761
004770
004779
004782
004788
004789
004790
004796
004797
004801
004812
004815
004826
004828
004830
004831
004832
004834
004840
004846
004852
004857
004859
004868
004872
004879
004882
004886
004897
004898
004902
004913
004916
004928
004931
004935
004939
004943
004946
004950
004953
004954
004968
004976
004977
004985
004987
004990
004994
004995
005014
005024
005027
005029
005036
005037
005039
005042
005045
005052
005054
005057
005061
005063
005064
005081
005086
005090
005093
005097
005102
005107
005111
005114
005116
005122
005124
005129
005134
005144
005146
005156
005159
005160
005161
005173
005176
005189
005190
005195
005208
005219
005220
005222
005229
005230
005231
005236
005239
005242
005245
005248
005257
005260
005268
005269
005273
005274
005278
005281
005283
005297
005298
005303
005304
005306
005307
005310
005311
005315
005326
005327
005331
005336
005343
005344
005346
005348
005351
005368
005371
005374
005383
005384
005385
005396
005398
005405
005410
005413
005414
005417
005419
005421
005424
005429
005430
005439
005441
005448
005450
005451
005457
005461
005467
005471
005475
005478
005485
005487
005496
005499
005507
005508
005509
005511
005522
005526
005527
005536
005541
005542
005547
005550
005552
005554
005563
005573
005574
005582
005583
005585
005593
005599
005600
005606
005608
005611
005613
005615
005618
005631
005636
005639
005644
005645
005648
005652
005653
005657
005658
005660
005662
005664
005669
005672
005680
005682
005693
005695
005700
005702
005704
005714
005716
005719
005728
005729
005731
005732
005738
005740
005741
005747
005757
005761
005764
005765
005768
005773
005780
005784
005786
005788
005790
005796
005799
005811
005814
005818
005824
005826
005829
005836
005840
005845
005850
005852
005856
005859
005863
005873
005881
005884
005885
005889
005903
005905
005906
005908
005910
005919
005923
005928
005930
005938
005940
005948
005951
005956
005961
005971
005975
005979
005984
005985
005988
005989
005990
005991
005992
006004
006005
006011
006028
006029
006033
006038
006041
006043
006071
006073
006095
006103
006104
006117
006128
006130
006133
006140
006148
006150
006151
006156
006158
006161
006163
006171
006172
006175
006176
006177
006179
006180
006185
006187
006198
006209
006210
006221
006225
006229
006233
006235
006236
006238
006240
006243
006259
006272
006276
006282
006284
006285
006286
006289
006296
006300
006320
006339
006341
006344
006346
006351
006352
006355
006369
006381
006387
006391
006392
006395
006398
006409
006427
006428
006433
006440
006442
006444
006445
006450
006455
006459
006463
006465
006475
006476
006482
006483
006486
006488
006492
006497
006503
006506
006519
006529
006532
006536
006542
006550
006551
006560
006572
006576
006578
006583
006584
006585
006587
006588
006599
006602
006609
006610
006611
006612
006617
006618
006621
006625
006626
006631
006637
006645
006647
006648
006658
006661
006664
006666
006667
006668
006670
006677
006682
006690
006695
006696
006697
006698
006699
006703
006707
006709
006714
006718
006722
006727
006731
006735
006738
006739
006748
006753
006762
006766
006768
006772
006777
006782
006783
006784
006786
006789
006797
006800
006802
006803
006808
006810
006821
006824
006833
006835
006836
006838
006840
006841
006847
006850
006855
006858
006862
006864
006866
006868
006874
006876
006880
006887
006896
006903
006908
006910
006911
006912
006919
006924
006932
006934
006939
006943
006945
006948
006950
006956
006958
006959
006963
006965
006968
006981
006983
006987
006988
006989
006990
007004
007007
007016
007020
007023
007031
007035
007036
007040
007045
007046
007048
007049
007052
007054
007059
007073
007079
007080
007093
007108
007109
007114
007117
007121
007122
007128
007129
007138
007139
007140
007147
007148
007150
007153
007154
007159
007163
007167
007172
007182
007184
007187
007189
007200
007208
007213
007214
007216
007227
007234
007236
007243
007244
007256
007260
007261
007266
007270
007271
007276
007284
007292
007296
007298
007305
007308
007314
007318
007325
007330
007336
007346
007350
007359
007369
007375
007381
007388
007398
007408
007410
007413
007414
007436
007438
007445
007446
007448
007449
007457
007466
007475
007480
007482
007483
007484
007493
007497
007498
007511
007526
007535
007540
007543
007547
007558
007559
007563
007566
007568
007570
007571
007572
007576
007578
007579
007586
007590
007592
007594
007605
007606
007611
007618
007619
007629
007631
007639
007647
007649
007653
007656
007657
007668
007675
007683
007687
007694
007697
007699
007709
007712
007718
007723
007727
007735
007745
007746
007748
007751
007760
007763
007768
007777
007786
007793
007795
007799
007809
007810
007813
007814
007815
007821
007836
007841
007856
007872
007877
007878
007884
007889
007897
007901
007902
007910
007911
007915
007919
007928
007931
007932
007940
007943
007946
007953
007963
007964
007970
007971
007979
007984
007987
007996
007997
007998
008002
008008
008019
008023
008024
008026
008033
008040
008042
008043
008048
008053
008069
008072
008079
008082
008083
008086
008091
008096
008103
008105
008108
008122
008125
008127
008130
008132
008137
008139
008142
008160
008163
008164
008171
008175
008177
008180
008188
008190
008199
008204
008209
008211
008216
008218
008220
008224
008225
008232
008241
008248
008253
008261
008263
008272
008279
008281
008284
008285
008293
008294
008301
008302
008307
008312
008313
008315
008327
008332
008341
008360
008368
008374
008376
008381
008385
008387
008390
008391
008397
008398
008410
008413
008430
008433
008437
008444
008445
008449
008452
008453
008461
008467
008470
008475
008482
008485
008503
008509
008513
008514
008526
008529
008541
008550
008559
008562
008573
008576
008582
008585
008587
008592
008596
008602
008604
008612
008617
008618
008628
008638
008644
008647
008663
008665
008676
008690
008692
008698
008699
008701
008702
008706
008718
008728
008731
008738
008739
008742
008744
008748
008752
008766
008768
008769
008771
008775
008794
008801
008805
008810
008813
008817
008833
008836
008838
008862
008865
008867
008872
008876
008879
008884
008886
008891
008892
008900
008911
008920
008921
008931
008932
008943
008944
008953
008960
008961
008965
008975
008979
008983
009000
009005
009020
009022
009024
009034
009036
009045
009049
009064
009068
009073
009078
009079
009087
009089
009091
009114
009123
009128
009136
009141
009153
009160
009161
009174
009180
009184
009193
009197
009202
009208
009209
009214
009224
009230
009236
009238
009239
009242
009251
009259
009273
009283
009286
009287
009288
009290
009291
009295
009296
009299
009303
009306
009308
009312
009316
009318
009327
009330
009331
009336
009342
009343
009349
009358
009362
009368
009374
009375
009377
009382
009393
009394
009407
009410
009411
009412
009413
009414
009418
009420
009421
009424
009433
009434
009437
009440
009448
009456
009460
009468
009469
009477
009479
009481
009490
009494
009496
009497
009499
009500
009504
009512
009517
009518
009520
009524
009526
009531
009532
009537
009541
009542
009546
009551
009557
009558
009565
009567
009568
009573
009577
009579
009585
009591
009596
009600
009603
009609
009611
009613
009614
009617
009618
009638
009641
009647
009649
009654
009655
009656
009659
009666
009668
009671
009676
009684
009687
009691
009693
009698
009703
009711
009712
009713
009717
009718
009721
009726
009732
009734
009738
009747
009754
009755
009756
009762
009767
009773
009776
009780
009781
009789
009792
009796
009800
009809
009813
009822
009828
009841
009845
009848
009851
009859
009867
009868
009869
009874
009877
009878
009879
009880
009881
009882
009900
009902
009917
009918
009926
009935
009942
009944
009946
009947
009949
009950
009954
009958
